service_id,monday,tuesday,wednesday,thursday,friday,saturday,sunday,start_date,end_date
1,1,1,1,1,1,0,0,20240404,20241214
9,0,0,0,0,0,0,0,20240404,20241214
10,1,1,1,1,1,1,1,20240404,20241214
11,1,1,1,1,1,1,1,20240404,20241214
17,0,0,0,0,0,0,1,20240404,20241214
25,1,1,1,1,1,0,0,20240404,20241214
28,0,0,0,0,0,0,0,20240404,20241214
29,0,0,0,0,0,0,0,20240404,20241214
33,0,0,0,0,0,0,0,20240404,20241214
34,1,1,1,1,1,0,0,20240404,20241214
35,0,0,0,0,0,0,0,20240404,20241214
37,0,0,0,0,0,1,1,20240404,20241214
43,0,0,0,0,0,1,0,20240404,20241214
57,0,0,0,0,0,0,0,20240404,20241214
63,0,0,0,0,0,0,0,20240404,20241214
66,0,0,0,0,0,0,0,20240404,20241214
70,0,0,0,0,0,0,0,20240404,20241214
102,0,0,0,0,0,0,0,20240404,20241214
104,0,0,0,0,0,0,0,20240404,20241214
116,0,0,0,0,0,0,0,20240404,20241214
117,0,0,0,0,0,0,0,20240404,20241214
118,0,0,0,0,0,0,0,20240404,20241214
119,0,0,0,0,0,0,0,20240404,20241214
120,0,0,0,0,0,0,0,20240404,20241214
121,0,0,0,0,0,0,0,20240404,20241214
122,0,0,0,0,0,0,0,20240404,20241214
123,0,0,0,0,0,0,0,20240404,20241214
126,0,0,0,0,0,0,0,20240404,20241214
127,0,0,0,0,0,0,0,20240404,20241214
128,0,0,0,0,0,0,0,20240404,20241214
154,0,0,0,0,0,0,0,20240404,20241214
189,0,0,0,0,0,0,0,20240404,20241214
200,0,0,0,0,0,0,0,20240404,20241214
205,0,0,0,0,0,0,0,20240404,20241214
230,0,0,0,0,0,0,0,20240404,20241214
246,0,0,0,0,0,0,0,20240404,20241214
253,0,0,0,0,0,0,0,20240404,20241214
264,0,0,0,0,0,0,0,20240404,20241214
340,0,0,0,0,0,0,0,20240404,20241214
359,0,0,0,0,0,0,0,20240404,20241214
362,0,0,0,0,0,0,0,20240404,20241214
386,0,0,0,0,0,0,0,20240404,20241214
435,0,0,0,0,0,0,0,20240404,20241214
437,0,0,0,0,0,0,0,20240404,20241214
449,0,0,0,0,0,0,0,20240404,20241214
647,0,0,0,0,0,0,0,20240404,20241214
718,1,1,1,1,1,0,0,20240404,20241214
723,0,0,0,0,0,0,1,20240404,20241214
761,1,1,1,1,1,0,0,20240404,20241214
771,1,1,1,1,0,0,1,20240404,20241214
775,0,0,0,0,0,0,1,20240404,20241214
818,0,0,0,0,0,0,0,20240404,20241214
836,0,0,0,0,0,0,0,20240404,20241214
857,0,0,0,0,0,0,0,20240404,20241214
881,0,0,0,0,0,1,0,20240404,20241214
882,0,0,0,0,0,0,0,20240404,20241214
883,0,0,0,0,0,0,0,20240404,20241214
908,0,0,0,0,0,1,0,20240404,20241214
920,0,0,0,0,0,0,0,20240404,20241214
932,0,0,0,0,1,0,0,20240404,20241214
966,0,0,0,0,0,0,1,20240404,20241214
974,1,1,1,1,1,1,1,20240404,20241214
979,0,0,0,0,0,1,1,20240404,20241214
981,0,0,0,0,0,0,0,20240404,20241214
982,1,1,1,1,1,0,0,20240404,20241214
986,0,0,0,0,0,0,0,20240404,20241214
996,0,0,0,0,0,0,0,20240404,20241214
998,1,1,1,1,1,1,1,20240404,20241214
999,0,0,0,0,0,0,0,20240404,20241214
1000,0,0,0,0,0,0,0,20240404,20241214
1002,1,1,1,1,1,0,0,20240404,20241214
1010,0,0,0,0,0,0,0,20240404,20241214
1012,0,0,0,0,0,1,1,20240404,20241214
1016,0,0,0,0,0,0,1,20240404,20241214
1018,1,1,1,1,1,0,0,20240404,20241214
1027,0,0,0,0,0,0,0,20240404,20241214
1035,0,0,0,0,0,1,1,20240404,20241214
1039,1,1,1,1,1,1,0,20240404,20241214
1041,1,1,1,1,1,0,1,20240404,20241214
1060,0,0,0,0,0,0,0,20240404,20241214
1062,1,1,1,1,1,1,1,20240404,20241214
1063,0,0,0,0,0,0,0,20240404,20241214
1064,0,0,0,0,0,0,0,20240404,20241214
1068,0,0,0,0,0,0,0,20240404,20241214
1082,0,0,0,0,0,0,0,20240404,20241214
1091,0,0,0,0,0,1,1,20240404,20241214
1092,1,1,1,1,1,0,0,20240404,20241214
1093,1,1,1,1,1,0,0,20240404,20241214
1095,1,1,1,1,1,1,1,20240404,20241214
1096,1,1,1,1,1,1,1,20240404,20241214
1109,0,0,0,0,0,0,0,20240404,20241214
1113,0,0,0,0,0,0,0,20240404,20241214
1125,1,1,1,1,1,0,0,20240404,20241214
1130,1,1,1,1,1,1,1,20240404,20241214
1137,0,0,0,0,0,0,0,20240404,20241214
1138,0,0,0,0,0,0,0,20240404,20241214
1152,0,0,0,0,0,0,0,20240404,20241214
1155,0,0,0,0,0,0,0,20240404,20241214
1175,0,0,0,0,0,0,0,20240404,20241214
1177,0,0,0,0,0,0,0,20240404,20241214
1178,0,0,0,0,0,0,0,20240404,20241214
1215,0,0,0,0,0,1,1,20240404,20241214
1216,1,1,1,1,1,0,0,20240404,20241214
1217,0,0,0,0,0,0,0,20240404,20241214
1263,1,1,1,1,1,1,1,20240404,20241214
1276,0,0,0,0,0,1,1,20240404,20241214
1283,1,1,1,1,1,1,0,20240404,20241214
1286,0,0,0,0,0,1,1,20240404,20241214
1293,1,1,1,1,1,0,0,20240404,20241214
1316,0,0,0,0,0,0,0,20240404,20241214
1317,0,0,0,0,0,1,1,20240404,20241214
1318,0,0,0,0,0,0,0,20240404,20241214
1319,0,0,0,0,0,1,1,20240404,20241214
1321,0,0,0,0,0,0,0,20240404,20241214
1322,0,0,0,0,0,0,0,20240404,20241214
1323,0,0,0,0,1,0,0,20240404,20241214
1324,0,0,0,0,1,0,0,20240404,20241214
1325,0,0,0,0,0,1,0,20240404,20241214
1326,0,0,0,0,0,0,1,20240404,20241214
1327,0,0,0,0,0,0,0,20240404,20241214
1328,1,1,1,1,1,0,0,20240404,20241214
1329,0,0,0,0,0,0,0,20240404,20241214
1330,1,1,1,1,1,1,1,20240404,20241214
1331,0,0,0,0,0,0,0,20240404,20241214
1332,0,0,0,0,0,0,0,20240404,20241214
1333,0,0,0,0,0,0,0,20240404,20241214
1334,0,0,0,0,0,0,0,20240404,20241214
1335,0,0,0,0,0,0,0,20240404,20241214
1336,0,0,0,0,0,0,0,20240404,20241214
1337,1,1,1,1,1,1,1,20240404,20241214
1338,0,0,0,0,0,0,0,20240404,20241214
1339,0,0,0,0,0,0,0,20240404,20241214
1340,0,0,0,0,0,0,0,20240404,20241214
1341,1,1,1,1,1,1,1,20240404,20241214
1342,1,1,1,1,1,1,1,20240404,20241214
1343,1,1,1,1,1,1,1,20240404,20241214
1344,1,1,1,1,1,1,1,20240404,20241214
1345,0,0,0,0,0,0,0,20240404,20241214
1346,0,0,0,0,0,0,0,20240404,20241214
1347,1,1,1,1,1,0,0,20240404,20241214
1348,0,1,1,0,0,0,0,20240404,20241214
1349,1,0,0,1,1,1,1,20240404,20241214
1350,0,0,0,0,0,0,0,20240404,20241214
1351,0,0,0,0,0,0,0,20240404,20241214
1352,0,0,0,0,0,0,0,20240404,20241214
1353,1,1,0,0,0,0,0,20240404,20241214
1354,0,0,1,1,1,1,1,20240404,20241214
1355,0,1,1,0,0,0,0,20240404,20241214
1356,1,0,0,1,1,0,0,20240404,20241214
1357,1,1,1,1,1,1,1,20240404,20241214
1358,0,0,0,0,0,0,0,20240404,20241214
1359,0,0,0,0,0,0,0,20240404,20241214
1360,0,0,0,0,0,0,0,20240404,20241214
1361,0,0,0,0,0,0,0,20240404,20241214
1362,0,0,0,0,0,0,0,20240404,20241214
1363,1,1,1,1,1,1,1,20240404,20241214
1364,0,0,1,1,1,0,0,20240404,20241214
1365,1,1,0,0,0,0,0,20240404,20241214
1366,1,1,1,1,1,1,1,20240404,20241214
1367,0,0,0,0,0,0,0,20240404,20241214
1368,0,0,0,0,0,1,1,20240404,20241214
1369,1,1,1,0,1,0,0,20240404,20241214
1370,0,0,0,0,0,0,0,20240404,20241214
1371,1,1,1,1,1,1,1,20240404,20241214
1372,0,0,0,0,0,0,0,20240404,20241214
1373,1,1,1,1,1,1,1,20240404,20241214
1374,0,0,0,0,0,0,0,20240404,20241214
1375,0,1,1,0,0,0,0,20240404,20241214
1376,1,0,0,1,1,1,1,20240404,20241214
1377,0,0,0,0,0,0,0,20240404,20241214
1378,0,0,0,0,0,0,0,20240404,20241214
1379,0,0,0,0,0,0,0,20240404,20241214
1380,1,1,0,0,0,0,0,20240404,20241214
1381,0,0,1,1,1,1,1,20240404,20241214
1382,0,0,0,0,0,0,0,20240404,20241214
1383,0,0,0,0,0,0,0,20240404,20241214
1384,1,0,1,1,1,1,1,20240404,20241214
1385,0,0,0,0,0,0,0,20240404,20241214
1386,0,0,0,0,0,0,0,20240404,20241214
1387,0,1,0,0,0,0,0,20240404,20241214
1388,1,1,1,1,1,1,1,20240404,20241214
1389,1,0,0,0,0,0,0,20240404,20241214
1390,0,1,1,1,1,1,1,20240404,20241214
1391,1,1,1,1,1,1,1,20240404,20241214
1392,1,1,1,1,1,1,1,20240404,20241214
1393,1,1,1,1,1,1,1,20240404,20241214
1394,0,1,0,0,0,0,0,20240404,20241214
1395,1,1,1,1,1,0,1,20240404,20241214
1396,0,0,0,0,0,1,0,20240404,20241214
1397,1,0,1,1,1,1,1,20240404,20241214
1398,1,1,1,1,1,1,1,20240404,20241214
1399,1,1,1,1,1,1,1,20240404,20241214
1400,0,0,0,0,0,0,0,20240404,20241214
1401,1,1,1,1,0,0,0,20240404,20241214
1402,0,0,0,0,0,0,0,20240404,20241214
1403,1,1,1,1,1,0,0,20240404,20241214
1404,1,1,1,1,1,0,0,20240404,20241214
1405,0,0,0,0,0,0,0,20240404,20241214
1406,1,1,1,1,1,0,0,20240404,20241214
1407,1,1,1,1,1,1,1,20240404,20241214
1408,0,0,0,0,0,0,0,20240404,20241214
1409,1,1,1,1,1,1,1,20240404,20241214
1410,0,0,0,0,0,0,0,20240404,20241214
1411,0,0,0,0,0,0,0,20240404,20241214
1412,0,0,0,0,0,0,0,20240404,20241214
1413,1,1,1,1,1,1,1,20240404,20241214
1414,1,1,1,1,1,0,0,20240404,20241214
1415,0,0,0,0,0,0,0,20240404,20241214
1416,1,1,1,1,1,0,0,20240404,20241214
1417,0,0,0,0,0,0,0,20240404,20241214
1418,0,0,0,0,0,0,0,20240404,20241214
1419,0,0,0,0,0,0,0,20240404,20241214
1420,0,0,0,0,0,0,0,20240404,20241214
1421,0,0,0,0,0,0,0,20240404,20241214
1422,0,0,0,0,0,1,1,20240404,20241214
1423,0,0,0,0,0,0,0,20240404,20241214
1424,1,1,1,1,1,0,0,20240404,20241214
1425,0,0,0,0,0,0,0,20240404,20241214
1426,1,1,1,1,1,1,1,20240404,20241214
1427,0,0,0,0,0,0,0,20240404,20241214
1428,0,0,0,0,0,0,0,20240404,20241214
1429,0,0,0,0,0,0,0,20240404,20241214
1430,1,1,1,1,1,1,0,20240404,20241214
1431,0,0,0,0,0,0,0,20240404,20241214
1432,0,0,0,0,0,0,1,20240404,20241214
1433,0,0,0,0,0,0,0,20240404,20241214
1434,0,0,0,0,0,0,0,20240404,20241214
1435,0,0,0,0,0,0,0,20240404,20241214
1436,0,0,0,0,0,0,0,20240404,20241214
1437,0,0,0,0,0,0,0,20240404,20241214
1438,0,0,0,0,0,0,0,20240404,20241214
1439,0,0,0,0,0,0,0,20240404,20241214
1440,0,0,0,0,0,0,0,20240404,20241214
1441,0,0,0,0,0,0,0,20240404,20241214
1442,0,0,0,0,0,0,0,20240404,20241214
1443,1,1,1,1,1,1,1,20240404,20241214
1444,1,1,1,1,1,1,1,20240404,20241214
1445,1,1,1,1,1,1,1,20240404,20241214
1446,1,1,1,1,1,1,1,20240404,20241214
1447,1,1,1,1,1,1,1,20240404,20241214
1448,0,0,0,0,0,0,0,20240404,20241214
1449,0,0,0,0,0,0,0,20240404,20241214
1450,0,1,1,1,1,1,1,20240404,20241214
1451,0,0,0,0,0,0,0,20240404,20241214
1452,0,0,0,0,0,0,0,20240404,20241214
1453,0,0,0,0,0,0,0,20240404,20241214
1454,0,0,0,0,0,0,0,20240404,20241214
1455,0,1,1,1,1,1,0,20240404,20241214
1456,1,0,0,0,0,0,1,20240404,20241214
1457,1,1,1,1,1,1,1,20240404,20241214
1458,0,0,0,0,0,0,0,20240404,20241214
1459,0,0,0,0,0,0,0,20240404,20241214
1460,0,0,0,0,0,0,0,20240404,20241214
1461,0,0,0,0,0,0,0,20240404,20241214
1462,0,0,0,0,0,1,1,20240404,20241214
1463,1,1,1,1,1,0,0,20240404,20241214
1464,0,0,0,0,0,0,0,20240404,20241214
1465,1,1,1,1,1,0,0,20240404,20241214
1466,1,1,1,1,1,0,0,20240404,20241214
1467,0,0,0,0,0,0,0,20240404,20241214
1468,0,0,0,0,0,0,0,20240404,20241214
1469,0,0,0,0,0,0,0,20240404,20241214
1470,0,0,0,0,0,0,0,20240404,20241214
1471,0,0,0,0,0,0,0,20240404,20241214
1472,0,0,0,0,0,0,0,20240404,20241214
1473,0,0,0,0,0,0,0,20240404,20241214
1474,0,0,0,0,0,0,0,20240404,20241214
1475,0,0,0,0,0,0,0,20240404,20241214
1476,1,1,1,1,0,0,1,20240404,20241214
1477,0,0,0,0,0,0,0,20240404,20241214
1478,0,0,0,0,0,0,0,20240404,20241214
1479,0,0,0,0,0,1,1,20240404,20241214
1480,0,0,0,0,0,0,0,20240404,20241214
1481,1,1,1,1,1,0,0,20240404,20241214
1482,0,0,0,0,0,0,0,20240404,20241214
1483,0,0,0,0,0,0,0,20240404,20241214
1484,0,0,0,0,0,0,0,20240404,20241214
1485,0,0,0,0,0,0,0,20240404,20241214
1486,0,0,0,0,0,0,0,20240404,20241214
1487,0,0,0,0,0,0,0,20240404,20241214
1488,0,0,0,0,0,0,0,20240404,20241214
1489,0,0,0,0,0,0,0,20240404,20241214
1490,0,0,0,0,0,0,0,20240404,20241214
1491,0,0,0,0,0,0,0,20240404,20241214
1492,0,0,0,0,0,0,0,20240404,20241214
1493,0,0,0,0,0,0,0,20240404,20241214
1494,0,0,0,0,0,0,0,20240404,20241214
1495,0,0,0,0,0,0,0,20240404,20241214
1496,0,0,0,0,0,0,0,20240404,20241214
1497,0,0,0,0,0,0,0,20240404,20241214
1498,0,0,0,0,0,0,0,20240404,20241214
1499,0,0,0,0,0,1,1,20240404,20241214
1500,1,1,1,1,1,1,1,20240404,20241214
1501,0,0,0,0,0,0,0,20240404,20241214
1502,0,0,0,0,0,1,1,20240404,20241214
1503,1,1,1,1,1,0,0,20240404,20241214
1504,1,1,1,1,1,1,1,20240404,20241214
1505,1,1,1,1,1,0,0,20240404,20241214
1506,1,1,1,1,1,1,1,20240404,20241214
1507,0,0,0,0,0,0,0,20240404,20241214
1508,1,1,1,1,1,1,1,20240404,20241214
1509,0,0,0,0,1,1,0,20240404,20241214
1510,1,1,1,1,0,0,1,20240404,20241214
1511,1,1,1,1,1,1,0,20240404,20241214
1516,0,0,0,0,0,0,0,20240404,20241214
1519,0,0,0,0,0,0,0,20240404,20241214
1520,0,0,0,0,0,0,0,20240404,20241214
1521,0,0,0,0,0,0,0,20240404,20241214
1522,0,0,0,0,0,0,0,20240404,20241214
1523,0,0,0,0,0,0,0,20240404,20241214
1524,0,0,0,0,0,0,0,20240404,20241214
1525,0,0,0,0,0,0,0,20240404,20241214
1526,0,0,0,0,0,0,0,20240404,20241214
1527,0,0,0,0,0,1,1,20240404,20241214
1528,1,1,1,1,1,1,1,20240404,20241214
1529,1,1,1,1,1,0,0,20240404,20241214
1530,1,1,1,1,1,1,0,20240404,20241214
1531,0,0,0,0,0,0,0,20240404,20241214
1532,0,0,0,0,0,1,1,20240404,20241214
1533,0,0,0,0,0,0,0,20240404,20241214
1534,0,0,0,0,0,0,0,20240404,20241214
1535,0,0,0,0,0,1,1,20240404,20241214
1536,0,0,0,0,0,0,0,20240404,20241214
1537,1,1,1,1,1,0,0,20240404,20241214
1538,0,0,0,0,0,0,0,20240404,20241214
1539,0,0,0,0,0,1,1,20240404,20241214
1540,1,1,1,1,1,1,1,20240404,20241214
1541,1,1,1,1,0,0,0,20240404,20241214
1542,0,0,0,0,0,1,1,20240404,20241214
1543,0,0,0,0,0,0,0,20240404,20241214
1544,0,0,0,0,0,0,0,20240404,20241214
1545,0,0,0,0,1,0,0,20240404,20241214
1546,0,0,0,0,0,0,1,20240404,20241214
1547,0,0,0,0,0,0,0,20240404,20241214
1548,1,1,1,1,1,1,0,20240404,20241214
1549,0,0,0,0,0,0,0,20240404,20241214
1550,1,1,1,1,1,1,1,20240404,20241214
1551,0,0,0,0,0,0,0,20240404,20241214
1552,1,0,0,0,0,0,0,20240404,20241214
1553,1,1,1,1,1,1,1,20240404,20241214
1554,1,1,1,1,1,0,0,20240404,20241214
1555,1,1,1,1,1,0,0,20240404,20241214
1556,0,0,0,0,0,0,0,20240404,20241214
1557,1,1,1,1,1,1,0,20240404,20241214
1558,0,0,0,0,0,1,1,20240404,20241214
1559,1,1,1,1,1,0,1,20240404,20241214
1560,0,0,0,0,0,0,1,20240404,20241214
1561,0,0,0,0,0,0,0,20240404,20241214
1562,1,1,1,1,1,0,0,20240404,20241214
1563,0,0,0,0,0,0,0,20240404,20241214
1564,0,0,0,0,0,0,0,20240404,20241214
1565,0,0,0,0,0,0,0,20240404,20241214
1566,1,1,1,1,1,0,0,20240404,20241214
1567,0,0,0,0,0,0,0,20240404,20241214
1568,1,1,1,1,1,1,1,20240404,20241214
1569,0,0,0,0,0,0,0,20240404,20241214
1570,0,0,0,0,0,0,0,20240404,20241214
1571,1,1,1,1,1,1,0,20240404,20241214
1572,1,1,1,1,1,1,1,20240404,20241214
1573,1,1,1,1,1,0,0,20240404,20241214
1574,1,1,1,1,1,1,1,20240404,20241214
1575,0,0,0,0,0,0,0,20240404,20241214
1576,0,0,0,0,0,0,0,20240404,20241214
1577,0,0,0,0,0,0,0,20240404,20241214
1578,0,0,0,0,0,0,0,20240404,20241214
1579,1,1,1,1,1,1,0,20240404,20241214
1580,0,0,0,0,0,0,0,20240404,20241214
1581,1,1,1,1,1,1,1,20240404,20241214
1582,1,1,1,1,1,1,1,20240404,20241214
1583,0,0,0,0,0,1,1,20240404,20241214
1584,1,1,1,1,1,0,0,20240404,20241214
1585,0,0,0,0,0,1,1,20240404,20241214
1586,1,1,1,1,1,1,1,20240404,20241214
1587,1,1,1,1,1,0,0,20240404,20241214
1588,1,1,1,1,1,1,1,20240404,20241214
1589,0,0,0,0,0,0,0,20240404,20241214
1590,0,0,0,0,0,0,0,20240404,20241214
1591,0,0,0,0,0,0,0,20240404,20241214
1592,0,0,0,0,0,0,0,20240404,20241214
1593,0,0,0,0,0,0,0,20240404,20241214
1594,0,0,0,0,0,0,0,20240404,20241214
1595,0,0,0,0,0,0,0,20240404,20241214
1596,0,0,0,0,0,0,0,20240404,20241214
1597,0,0,0,0,0,0,0,20240404,20241214
1598,0,0,0,0,0,0,0,20240404,20241214
1599,0,0,0,0,0,0,0,20240404,20241214
1600,0,0,0,0,0,0,0,20240404,20241214
1601,0,0,0,0,0,0,0,20240404,20241214
1602,0,0,0,0,0,0,0,20240404,20241214
1603,0,0,0,0,0,0,0,20240404,20241214
1604,0,0,0,0,0,0,0,20240404,20241214
1605,0,0,0,0,0,0,0,20240404,20241214
1606,0,0,0,0,0,0,0,20240404,20241214
1607,0,0,0,0,0,0,0,20240404,20241214
1608,0,0,0,0,0,1,1,20240404,20241214
1609,0,0,0,0,0,0,0,20240404,20241214
1610,1,1,1,1,1,0,0,20240404,20241214
1611,0,0,0,0,0,0,0,20240404,20241214
1612,0,0,0,0,0,0,0,20240404,20241214
1613,0,0,0,0,0,0,0,20240404,20241214
1614,0,0,0,0,0,1,1,20240404,20241214
1615,1,1,1,0,1,0,0,20240404,20241214
1616,0,0,0,0,0,0,0,20240404,20241214
1617,1,1,1,1,1,0,0,20240404,20241214
1618,0,0,0,0,0,0,0,20240404,20241214
1619,1,1,1,1,1,1,1,20240404,20241214
1620,0,0,0,0,0,0,0,20240404,20241214
1621,0,0,0,0,0,0,0,20240404,20241214
1622,0,0,0,0,0,0,0,20240404,20241214
1623,1,1,1,1,0,0,1,20240404,20241214
1624,0,0,0,0,0,0,0,20240404,20241214
1625,0,0,0,0,1,1,0,20240404,20241214
1626,0,0,0,0,0,0,0,20240404,20241214
1627,0,0,0,0,0,0,0,20240404,20241214
1628,1,1,1,1,1,0,0,20240404,20241214
1629,1,1,1,1,1,1,1,20240404,20241214
1630,0,0,0,0,1,1,0,20240404,20241214
1631,0,0,0,0,0,0,0,20240404,20241214
1632,0,0,0,0,0,0,0,20240404,20241214
1633,0,0,0,0,0,0,0,20240404,20241214
1634,0,0,0,0,0,1,1,20240404,20241214
1635,0,0,0,0,0,0,0,20240404,20241214
1636,0,0,0,0,0,0,1,20240404,20241214
1637,1,1,1,1,1,1,0,20240404,20241214
1638,0,0,0,0,0,1,0,20240404,20241214
1639,1,1,1,1,1,0,1,20240404,20241214
1640,0,0,0,0,0,0,0,20240404,20241214
1641,0,0,0,0,0,0,0,20240404,20241214
1642,0,0,0,0,0,1,1,20240404,20241214
1643,0,0,0,0,0,1,1,20240404,20241214
1644,0,0,0,0,0,0,0,20240404,20241214
1645,0,0,0,0,0,0,0,20240404,20241214
1646,0,0,0,0,0,0,0,20240404,20241214
1647,0,0,0,0,0,0,0,20240404,20241214
1648,0,0,0,0,0,0,0,20240404,20241214
1649,1,1,1,1,1,1,1,20240404,20241214
1650,0,0,0,0,0,0,0,20240404,20241214
1651,0,0,0,0,0,0,0,20240404,20241214
1652,0,0,0,0,1,1,0,20240404,20241214
1653,0,0,0,0,0,0,0,20240404,20241214
1654,0,0,0,0,0,0,0,20240404,20241214
1655,1,1,1,1,1,1,1,20240404,20241214
1656,0,0,0,0,0,0,0,20240404,20241214
1657,1,1,1,1,1,0,0,20240404,20241214
1658,0,0,0,0,0,0,0,20240404,20241214
1659,1,1,1,1,1,0,0,20240404,20241214
1660,1,1,1,1,0,0,0,20240404,20241214
1661,0,0,0,0,0,0,1,20240404,20241214
1662,0,1,1,1,1,0,0,20240404,20241214
1663,1,0,0,0,0,0,0,20240404,20241214
1664,0,0,0,0,0,0,0,20240404,20241214
1665,0,0,0,0,0,0,0,20240404,20241214
1666,1,1,1,1,0,0,0,20240404,20241214
1667,0,0,0,0,1,0,0,20240404,20241214
1668,1,1,1,1,0,0,0,20240404,20241214
1669,0,1,1,1,1,0,0,20240404,20241214
1670,1,0,0,0,0,0,0,20240404,20241214
1671,0,0,0,0,0,1,0,20240404,20241214
1672,0,0,0,0,0,0,1,20240404,20241214
1673,0,0,0,0,0,0,0,20240404,20241214
1674,0,0,0,0,0,0,0,20240404,20241214
1675,0,0,0,0,0,0,0,20240404,20241214
1676,0,0,0,0,0,0,0,20240404,20241214
1677,1,1,1,1,1,1,1,20240404,20241214
1678,0,0,0,0,0,1,1,20240404,20241214
1679,0,0,0,0,0,0,0,20240404,20241214
1680,0,0,0,0,0,0,0,20240404,20241214
1681,1,1,1,1,1,1,1,20240404,20241214
1682,0,0,0,0,0,1,1,20240404,20241214
1683,0,0,0,0,0,0,0,20240404,20241214
1684,0,0,0,0,0,0,0,20240404,20241214
1685,0,0,0,0,0,0,0,20240404,20241214
1686,1,1,1,1,0,0,1,20240404,20241214
1687,0,0,0,0,0,0,1,20240404,20241214
1688,1,1,1,1,0,0,0,20240404,20241214
1689,1,1,1,1,1,0,0,20240404,20241214
1690,1,1,1,1,1,0,0,20240404,20241214
1697,0,0,0,0,0,1,1,20240404,20241214
1731,0,0,0,0,0,1,0,20240404,20241214
1736,1,1,1,1,1,1,1,20240404,20241214
1737,0,0,0,0,0,0,0,20240404,20241214
1738,0,0,0,0,0,0,0,20240404,20241214
1739,0,0,0,0,0,0,0,20240404,20241214
1742,0,0,0,0,0,0,0,20240404,20241214
1862,0,0,0,0,0,0,0,20240404,20241214
1912,0,0,0,0,1,1,0,20240404,20241214
1914,0,0,0,0,0,0,0,20240404,20241214
1915,0,0,0,0,0,0,0,20240404,20241214
1986,0,0,0,0,0,0,0,20240404,20241214
2158,0,0,0,0,0,0,0,20240404,20241214
2185,0,0,0,0,0,0,0,20240404,20241214
2225,1,0,1,0,0,0,0,20240404,20241214
2226,0,0,0,0,0,0,0,20240404,20241214
2227,1,0,1,0,0,1,0,20240404,20241214
2228,1,1,1,1,1,0,0,20240404,20241214
2229,0,0,0,0,0,1,1,20240404,20241214
2230,0,0,0,0,0,0,0,20240404,20241214
2231,0,0,0,0,0,1,1,20240404,20241214
2232,1,0,1,0,0,1,1,20240404,20241214
2233,0,0,0,0,0,1,0,20240404,20241214
2234,0,0,0,0,0,0,0,20240404,20241214
2235,0,0,0,0,0,0,0,20240404,20241214
2236,1,1,1,1,1,1,1,20240404,20241214
2237,0,0,0,0,0,0,0,20240404,20241214
2238,0,0,0,0,0,1,1,20240404,20241214
2239,1,1,1,1,1,0,0,20240404,20241214
2240,0,0,0,0,0,0,1,20240404,20241214
2241,0,0,0,0,0,0,0,20240404,20241214
2242,0,0,0,0,0,0,0,20240404,20241214
2243,0,0,0,0,0,0,1,20240404,20241214
2244,0,0,0,0,0,0,0,20240404,20241214
2245,0,0,0,0,0,0,0,20240404,20241214
2246,1,1,1,1,1,0,0,20240404,20241214
2247,0,0,0,0,0,1,1,20240404,20241214
2248,1,1,1,1,1,0,0,20240404,20241214
2249,0,0,0,0,0,0,0,20240404,20241214
2250,1,1,1,0,1,0,0,20240404,20241214
2251,0,0,1,0,0,0,0,20240404,20241214
2252,0,0,0,0,0,0,0,20240404,20241214
2253,0,0,0,0,0,1,0,20240404,20241214
2254,0,0,0,0,0,1,0,20240404,20241214
2255,0,0,0,0,0,0,1,20240404,20241214
2256,0,0,0,0,0,0,0,20240404,20241214
2257,0,0,0,0,0,0,0,20240404,20241214
2258,0,0,0,0,0,0,0,20240404,20241214
2259,0,0,0,0,0,0,0,20240404,20241214
2260,0,0,0,0,0,1,1,20240404,20241214
2261,0,0,0,0,0,0,0,20240404,20241214
2262,0,0,1,0,0,1,1,20240404,20241214
2263,1,1,1,1,1,0,0,20240404,20241214
2264,0,0,0,0,0,1,0,20240404,20241214
2265,0,0,0,0,0,0,1,20240404,20241214
2266,0,0,0,0,1,1,0,20240404,20241214
2267,0,0,0,0,0,1,0,20240404,20241214
2268,0,0,0,0,0,0,1,20240404,20241214
2269,0,0,1,0,0,0,0,20240404,20241214
2270,0,0,0,0,0,0,0,20240404,20241214
2271,1,1,1,1,1,0,0,20240404,20241214
2272,0,0,0,0,0,0,0,20240404,20241214
2273,0,0,0,0,0,0,0,20240404,20241214
2274,0,0,0,0,0,0,0,20240404,20241214
2275,0,0,0,0,0,0,0,20240404,20241214
2276,0,0,0,0,0,0,0,20240404,20241214
2277,0,0,0,0,0,0,0,20240404,20241214
2278,0,0,0,0,0,0,0,20240404,20241214
2279,0,0,0,0,0,1,0,20240404,20241214
2280,0,0,0,0,0,0,0,20240404,20241214
2281,0,0,0,0,0,0,0,20240404,20241214
2282,0,0,0,0,0,0,0,20240404,20241214
2283,0,0,1,0,0,0,0,20240404,20241214
2284,0,0,0,0,0,1,1,20240404,20241214
2285,0,0,0,0,0,1,1,20240404,20241214
2286,0,0,0,0,0,0,0,20240404,20241214
2287,0,0,0,0,0,1,1,20240404,20241214
2288,0,0,0,0,1,0,0,20240404,20241214
2289,0,0,0,0,0,1,1,20240404,20241214
2290,0,0,0,0,0,0,0,20240404,20241214
2291,0,0,0,0,0,1,0,20240404,20241214
2292,0,0,0,0,0,0,0,20240404,20241214
2293,1,1,1,1,1,1,0,20240404,20241214
2294,0,0,0,0,0,0,0,20240404,20241214
2295,0,0,0,0,0,0,0,20240404,20241214
2296,1,1,1,1,1,1,1,20240404,20241214
2297,1,0,1,0,0,1,0,20240404,20241214
2298,0,0,0,0,0,0,1,20240404,20241214
2299,0,0,0,0,0,1,1,20240404,20241214
2300,0,0,0,0,0,1,1,20240404,20241214
2301,0,0,0,0,0,1,0,20240404,20241214
2302,0,0,0,0,0,1,0,20240404,20241214
2303,0,0,0,0,0,1,1,20240404,20241214
2304,0,0,1,0,0,0,0,20240404,20241214
2305,1,0,1,0,0,0,0,20240404,20241214
2306,0,0,0,0,0,0,1,20240404,20241214
2307,1,1,1,1,1,0,1,20240404,20241214
2308,1,1,1,1,1,1,1,20240404,20241214
2309,0,0,0,0,0,0,0,20240404,20241214
2310,1,1,1,1,1,1,1,20240404,20241214
2311,0,0,0,0,0,1,1,20240404,20241214
2312,1,1,1,1,0,1,1,20240404,20241214
2313,0,0,0,0,0,0,0,20240404,20241214
2314,1,1,1,1,1,0,0,20240404,20241214
2315,1,1,1,1,1,1,1,20240404,20241214
2316,0,0,0,0,0,0,0,20240404,20241214
2317,1,1,1,1,1,0,0,20240404,20241214
2318,1,1,1,1,1,0,0,20240404,20241214
2319,0,0,0,0,0,0,0,20240404,20241214
2320,1,1,1,1,1,0,0,20240404,20241214
2321,0,0,0,0,0,1,1,20240404,20241214
2322,1,1,1,1,1,0,0,20240404,20241214
2323,1,1,1,1,0,0,0,20240404,20241214
2324,0,0,0,0,0,0,1,20240404,20241214
2325,1,1,1,1,0,0,0,20240404,20241214
2326,0,0,0,0,1,1,0,20240404,20241214
2327,0,0,0,0,1,0,0,20240404,20241214
2328,1,1,1,1,1,1,1,20240404,20241214
2329,1,1,1,1,1,1,1,20240404,20241214
2330,1,1,1,1,1,1,0,20240404,20241214
2331,0,0,0,0,0,0,1,20240404,20241214
2332,0,0,0,0,0,1,1,20240404,20241214
2333,0,0,0,0,0,1,0,20240404,20241214
2334,0,0,0,0,1,0,0,20240404,20241214
2335,0,0,0,0,1,1,0,20240404,20241214
2336,0,0,0,0,0,0,0,20240404,20241214
2337,1,1,1,1,1,1,0,20240404,20241214
2338,0,0,0,0,0,1,0,20240404,20241214
2339,1,1,1,1,1,0,1,20240404,20241214
2340,0,0,0,0,0,1,1,20240404,20241214
2341,0,0,0,0,0,0,1,20240404,20241214
2342,1,1,1,1,1,1,1,20240404,20241214
2343,0,0,0,0,1,1,0,20240404,20241214
2344,0,0,0,0,0,0,0,20240404,20241214
2345,0,0,0,0,1,1,0,20240404,20241214
2346,0,0,0,0,0,0,0,20240404,20241214
2347,0,0,0,0,1,0,0,20240404,20241214
2348,0,0,0,0,0,0,1,20240404,20241214
2349,0,0,1,0,0,1,0,20240404,20241214
2350,0,0,0,0,0,0,0,20240404,20241214
2351,0,0,0,0,0,0,0,20240404,20241214
2352,1,1,1,1,1,0,0,20240404,20241214
2353,0,0,0,0,0,1,0,20240404,20241214
2354,0,0,0,0,0,0,0,20240404,20241214
2355,0,0,0,0,0,1,1,20240404,20241214
2356,0,0,0,0,0,1,0,20240404,20241214
2357,0,0,0,0,0,1,1,20240404,20241214
2358,0,0,0,0,0,0,0,20240404,20241214
2359,1,0,0,0,0,0,0,20240404,20241214
2360,0,0,0,0,0,1,1,20240404,20241214
2361,0,0,0,0,0,0,1,20240404,20241214
2362,0,0,1,0,0,0,0,20240404,20241214
2363,1,1,1,1,1,0,0,20240404,20241214
2364,1,1,1,1,1,1,0,20240404,20241214
2365,0,0,0,0,0,1,1,20240404,20241214
2366,0,0,0,0,0,1,0,20240404,20241214
2367,0,0,0,0,0,0,0,20240404,20241214
2368,0,0,0,0,0,0,0,20240404,20241214
2369,0,0,0,0,0,0,0,20240404,20241214
2370,0,0,0,0,0,1,0,20240404,20241214
2371,0,0,0,0,0,1,0,20240404,20241214
2372,0,0,0,0,0,1,1,20240404,20241214
2373,1,1,1,1,1,1,0,20240404,20241214
2374,0,0,0,0,0,0,1,20240404,20241214
2375,0,0,0,0,0,0,0,20240404,20241214
2376,1,1,1,1,1,0,0,20240404,20241214
2377,0,0,0,0,0,0,0,20240404,20241214
2378,0,0,0,0,0,1,0,20240404,20241214
2379,0,0,0,0,0,1,0,20240404,20241214
2380,0,0,0,0,0,0,1,20240404,20241214
2381,1,1,1,1,1,0,0,20240404,20241214
2382,1,1,1,1,1,1,1,20240404,20241214
2383,0,0,0,0,0,1,0,20240404,20241214
2384,1,1,1,1,1,0,0,20240404,20241214
2385,0,0,0,0,0,1,1,20240404,20241214
2386,1,1,1,1,1,1,0,20240404,20241214
2387,0,0,0,0,0,0,1,20240404,20241214
2388,1,1,1,1,1,1,1,20240404,20241214
2389,1,1,1,1,1,1,0,20240404,20241214
2390,0,0,0,0,0,1,1,20240404,20241214
2391,0,0,0,0,0,1,0,20240404,20241214
2392,0,0,0,0,0,1,1,20240404,20241214
2393,1,1,1,1,1,1,0,20240404,20241214
2394,0,0,0,0,0,1,0,20240404,20241214
2395,0,0,0,0,0,1,1,20240404,20241214
2396,1,0,0,0,0,0,0,20240404,20241214
2397,1,1,1,1,1,0,0,20240404,20241214
2398,0,0,0,0,0,1,0,20240404,20241214
2399,1,1,1,1,1,1,0,20240404,20241214
2400,1,0,0,0,0,1,0,20240404,20241214
2401,1,0,0,0,0,1,1,20240404,20241214
2402,1,0,0,0,0,1,0,20240404,20241214
2403,1,0,0,0,0,0,0,20240404,20241214
2404,1,0,0,0,0,0,0,20240404,20241214
2405,0,0,0,0,0,0,1,20240404,20241214
2406,1,1,1,1,1,1,0,20240404,20241214
2407,1,1,1,1,1,1,1,20240404,20241214
2408,1,1,1,1,1,1,0,20240404,20241214
2409,1,1,1,1,1,1,1,20240404,20241214
2410,1,1,1,1,1,0,0,20240404,20241214
2411,0,0,0,0,0,0,0,20240404,20241214
2412,1,1,1,1,1,0,0,20240404,20241214
2413,0,0,0,0,0,1,0,20240404,20241214
2414,1,1,1,1,1,0,1,20240404,20241214
2415,0,0,0,0,1,1,0,20240404,20241214
2416,1,1,1,1,0,0,1,20240404,20241214
2417,1,1,1,1,0,0,0,20240404,20241214
2418,0,0,0,0,1,1,1,20240404,20241214
2419,0,0,0,0,0,0,0,20240404,20241214
2420,0,0,0,0,0,0,0,20240404,20241214
2421,0,0,0,0,0,0,0,20240404,20241214
2422,0,0,0,0,0,0,0,20240404,20241214
2423,0,0,0,0,0,0,0,20240404,20241214
2424,0,0,0,0,0,0,0,20240404,20241214
2425,0,0,0,0,0,1,0,20240404,20241214
2426,0,0,0,0,0,0,1,20240404,20241214
2427,0,0,0,0,0,1,1,20240404,20241214
2428,0,0,0,0,0,1,0,20240404,20241214
2429,0,0,0,0,0,1,1,20240404,20241214
2430,1,1,1,1,1,1,0,20240404,20241214
2431,0,0,0,0,0,0,1,20240404,20241214
2432,1,1,1,1,1,1,1,20240404,20241214
2433,1,1,1,1,1,1,1,20240404,20241214
2434,1,1,1,1,0,1,0,20240404,20241214
2435,0,0,0,0,1,0,1,20240404,20241214
2436,0,0,0,0,0,0,0,20240404,20241214
2437,0,0,0,0,0,0,0,20240404,20241214
2438,0,0,0,0,0,0,0,20240404,20241214
2439,0,0,0,0,0,0,0,20240404,20241214
2440,0,0,0,0,0,1,0,20240404,20241214
2441,0,0,0,0,0,1,1,20240404,20241214
2442,0,0,0,0,0,0,0,20240404,20241214
2443,0,0,0,0,0,1,0,20240404,20241214
2444,1,1,1,1,0,0,1,20240404,20241214
2445,0,0,0,0,0,0,0,20240404,20241214
2446,0,0,0,0,0,1,0,20240404,20241214
2447,0,0,0,0,0,0,0,20240404,20241214
2448,0,0,0,0,0,0,0,20240404,20241214
2449,0,0,0,0,0,0,0,20240404,20241214
2450,0,0,0,0,0,1,1,20240404,20241214
2451,0,0,0,0,0,0,0,20240404,20241214
2452,0,0,0,0,0,0,0,20240404,20241214
2453,1,1,1,1,1,0,0,20240404,20241214
2454,0,0,0,0,0,0,0,20240404,20241214
2455,1,1,1,1,1,1,1,20240404,20241214
2456,1,1,1,1,1,0,0,20240404,20241214
2457,0,0,0,0,0,0,0,20240404,20241214
2458,0,0,0,0,0,0,1,20240404,20241214
2459,1,1,1,1,1,0,0,20240404,20241214
2460,1,1,1,1,1,0,0,20240404,20241214
2461,1,1,1,1,1,1,0,20240404,20241214
2462,1,1,1,1,1,1,1,20240404,20241214
2463,0,0,0,0,0,0,0,20240404,20241214
2464,0,0,0,0,0,1,0,20240404,20241214
2465,1,0,0,0,0,0,1,20240404,20241214
2466,1,0,0,0,0,0,0,20240404,20241214
2467,0,0,0,0,0,0,0,20240404,20241214
2468,1,1,1,1,1,1,0,20240404,20241214
2469,1,1,1,1,1,0,0,20240404,20241214
2470,0,0,0,0,0,0,0,20240404,20241214
2471,0,0,0,0,0,0,0,20240404,20241214
2472,0,0,0,0,0,0,0,20240404,20241214
2473,0,0,0,0,0,1,1,20240404,20241214
2474,0,0,0,0,0,0,1,20240404,20241214
2475,0,0,0,0,0,1,1,20240404,20241214
2476,0,0,0,0,0,1,0,20240404,20241214
2477,0,0,0,0,0,0,0,20240404,20241214
2478,0,0,0,0,0,0,0,20240404,20241214
2479,1,1,1,1,1,0,0,20240404,20241214
2480,0,0,0,0,0,1,0,20240404,20241214
2481,0,0,0,0,0,0,0,20240404,20241214
2482,0,0,0,0,0,0,0,20240404,20241214
2483,0,0,0,0,0,1,1,20240404,20241214
2484,0,0,0,0,0,0,0,20240404,20241214
2485,0,0,0,0,0,0,0,20240404,20241214
2486,0,0,0,0,1,1,0,20240404,20241214
2487,0,0,0,0,0,0,0,20240404,20241214
